0S
0 0
4303 1
4337 1
-4303 -1
398003 1
27846 1
27838 1
55008 1
27182 1
34340 1
28905 1
29331 1
84545 1
47741 1
29647 1
29789 1
27099 1
31315 1
27760 1
28127 1
36903 1
41656 1
33748 1
38335 1
29086 1
29436 1
37591 1
34450 1
32400 1
28583 1
25082 1
32137 1
22213 1
21636 1
979729 29
-979729 -29
25080 1
38114 1
31007 1
22488 1
31944 1
21570 1
31199 1
34717 1
30337 1
21042 1
28908 1
31997 1
41971 1
27194 1
31997 1
35122 1
21654 1
33537 1
29315 1
28216 1
77624 1
21213 1
31463 1
727709 23
-727709 -23
27414 1
31168 1
38322 1
30465 1
49439 1
29463 1
21420 1
36467 1
29147 1
33309 1
33225 1
31716 1
29384 1
39811 1
45788 1
29392 1
30687 1
33467 1
33397 1
30097 1
27947 1
31177 1
34568 1
36664 1
27150 1
30999 1
33786 1
37244 1
29414 1
33357 1
30458 1
1016342 31
-1016342 -31
85774 1
20392 1
3133 1
3571 1
-3133 -1
3555 1
-3571 -1
2231 1
9089 1
-2231 -1
5588480 1
-9089 -1
-2723780 -83
7651 1
47266 1
47266 1
-47266 -1
-47266 -1
90147 1
