0S
21378385 138
17358363 50
-17358363 -50
1715289 39
-1715289 -39
213006 1
220425 1
14750 1
3273 1
233234 1
6910 1
232561 1
98413 1
7468 1
8488 1
4810 1
254008 1
8547 1
4141 1
227065 1
92851 1
4752 1
252037 1
213185 1
120806 1
81788 1
5060 1
285263 1
6560 1
219425 1
200262 1
52730 1
7476 1
4639 1
105500 1
177783 1
189938 1
7921 1
169380 1
34697 1
166158 1
173866 1
189577 1
31816 1
96781 1
4214344 39
-4214344 -39
138267 1
-2304733 -49
-23287996 -128
95110 1
192150 1
109992 1
4792 1
163296 1
177918 1
87673 1
33111 1
5193 1
104071 1
138463 1
157375 1
12959 1
176284 1
45362 1
178782 1
135459 1
111913 1
137106 1
35995 1
37253 1
150748 1
3755 1
113328 1
29690 1
25261 1
24592 1
22729 1
85139 1
28848 1
80876 1
29691 1
45456 1
45432 1
29691 1
26130 1
22599 1
81495 1
23624 1
23192 1
7388 1
55593 1
23079 1
23772 1
23618 1
94886 1
11437 1
11445 1
5225 1
7853 1
76636 1
8857 1
83525 1
28199 1
7289 1
28058 1
10213 1
13717 1
18969 1
27148 1
3926 1
31281 1
29193 1
7220 1
4239 1
10875 1
1501 1
4379 1
10685 1
8775 1
4378 1
10771 1
18821 1
176341 1
4094 1
75354 1
4136 1
7547 1
10469 1
1501 1
80876 1
-80876 -1
29691 1
-29691 -1
28848 1
-28848 -1
85139 1
-85139 -1
22729 1
-22729 -1
24592 1
-24592 -1
25261 1
-25261 -1
29690 1
-29690 -1
113328 1
-113328 -1
3755 1
-3755 -1
150748 1
-150748 -1
37253 1
-37253 -1
35995 1
-35995 -1
137106 1
-137106 -1
111913 1
-111913 -1
135459 1
-135459 -1
178782 1
-178782 -1
1501 1
-1501 -1
10469 1
-10469 -1
7547 1
-7547 -1
4136 1
-4136 -1
75354 1
-75354 -1
4094 1
-4094 -1
176341 1
-176341 -1
18821 1
-18821 -1
10771 1
-10771 -1
4378 1
-4378 -1
8775 1
-8775 -1
10685 1
-10685 -1
4379 1
-4379 -1
1501 1
-1501 -1
10875 1
-10875 -1
4239 1
-4239 -1
7220 1
-7220 -1
29193 1
-29193 -1
31281 1
-31281 -1
3926 1
-3926 -1
27148 1
-27148 -1
18969 1
-18969 -1
13717 1
-13717 -1
10213 1
-10213 -1
28058 1
-28058 -1
7289 1
-7289 -1
28199 1
-28199 -1
83525 1
-83525 -1
110016 5
-110016 -5
11437 1
-11437 -1
94886 1
-94886 -1
23618 1
-23618 -1
23772 1
-23772 -1
2025695 27
-2025695 -27
213006 1
-213006 -1
-137763 -10
-4238436 -72
1501 1
34022 1
20122 1
20273 1
4877 1
8746 1
20366 1
20218 1
11806 1
9962 1
5485 1
9366 1
6787 1
4930 1
11880 1
36759 1
8106 1
31775 1
32646 1
32581 1
14080 1
16282 1
362570 22
-362570 -22
-346288 -21
11807 1
-16282 -1
8378 1
8909 1
47294 1
32419 1
